
A = [1          0          1          0       0.01          0 -0.0814994          0;
         0          1          0          1          0       0.01          0 -0.0814994;
         0          0          1          0       0.01          0      5e-05          0;
         0          0          0          1          0       0.01          0      5e-05;
         0          0          0          0          1          0       0.01          0;
         0          0          0          0          0          1          0       0.01;
         0          0          0          0          0          0          1          0;
         0          0          0          0          0          0          0          1];

B = [-0.000815328            0;
           0 -0.000815328;
 1.66667e-07            0;
           0  1.66667e-07;
       5e-05            0;
           0        5e-05;
        0.01            0;
           0         0.01 ];

 R = [1e-06     0;
    0 1e-06];

Q = [ 1 0 0 0 0 0 0 0;
0 1 0 0 0 0 0 0;
0 0 0 0 0 0 0 0;
0 0 0 0 0 0 0 0;
0 0 0 0 0 0 0 0;
0 0 0 0 0 0 0 0;
0 0 0 0 0 0 0 0;
0 0 0 0 0 0 0 0 ];


P = [ 5.8848e+01   0.0000e+00   1.7021e+03   0.0000e+00   4.9479e+02   0.0000e+00
   0.0000e+00   5.8848e+01   0.0000e+00   1.7021e+03   0.0000e+00   4.9479e+02
   1.7021e+03   0.0000e+00   5.0689e+04   0.0000e+00   1.4740e+04   0.0000e+00
   0.0000e+00   1.7021e+03   0.0000e+00   5.0689e+04   0.0000e+00   1.4740e+04
   4.9479e+02   0.0000e+00   1.4740e+04   0.0000e+00   4.2863e+03   0.0000e+00
   0.0000e+00   4.9479e+02   0.0000e+00   1.4740e+04   0.0000e+00   4.2863e+03
   2.4956e+00   0.0000e+00   7.5799e+01   0.0000e+00   2.2067e+01   0.0000e+00
   0.0000e+00   2.4956e+00   0.0000e+00   7.5799e+01   0.0000e+00   2.2067e+01

   2.4956e+00   0.0000e+00
   0.0000e+00   2.4956e+00
   7.5799e+01   0.0000e+00
   0.0000e+00   7.5799e+01
   2.2067e+01   0.0000e+00
   0.0000e+00   2.2067e+01
   1.2092e-01   0.0000e+00
   0.0000e+00   1.2092e-01];

P = [ 58.848    0.000   1702.1    0.000   494.79    0.000    2.4956   0.000;
       0.000   58.848    0.000   1702.1    0.000   494.79     0.000   2.4956;
      1702.1    0.000    50689    0.000    14740    0.000    75.799   0.000;
       0.000   1702.1    0.000    50689    0.000    14740     0.000   75.799;
      494.79    0.000    14740    0.000   4286.3    0.000    22.067   0.000;
       0.000   494.79    0.000    14740    0.000   4286.3    0.000   22.067;
      2.4956    0.000   75.799    0.000   22.067    0.000    0.12092   0.000
       0.000   2.4956    0.000   75.799    0.000   22.067    0.000   0.12092];





